1 10
100 200
201 210
900 1000
1 1
1 15
7 27
10 1
16 26
27 7
27 255
28 53
54 97
98 129
130 313
255 446
447 639
640 702
703 1819
1820 4254
4255 4591
4592 9662
6178 8509
8382 8385
4806 9276
8399 978
3010 1910
3743 7872
1919 2004
8635 2350
438 4772
1705 2406
3520 5738
9001 948
1947 7676
5436 9498
882 1129
9675 1290
4707 5528
620 476
8960 6863
353 8430
5797 8126
9337 3245
4371 3682
1619 1053
6789 341
1165 7377
2351 3274
7910 4004
2067 9750
971 9845
7543 9171
6053 6797
2461 6805
9663 20895
20895 26622
26623 31911
31912 60974
60975 77671
113384 134378
138368 151176
159488 161438
161536 170074
184490 191334
201570 204014
207552 212648
213104 226765
226768 239230
242160 242302
245986 255112
258208 268757
280576 284136
287004 288614
302356 306022
311328 318973
99422 100184
568591 569452
447670 447998
516760 516478
955705 955767
660056 659316
515114 513935
57280 5467
325783 329719
491972 498686
498688 502440
502442 504056
504058 510225
510228 516413
516416 516890
516892 517190
523946 524286
524288 525158
525160 531182
531184 537515
537519 538270
100726 37472
21173 101417
58432 86229
52570 39995
78540 28718
4922 11999
65200 18310
23690 52664
229763 231167
9148 104044
102145 66380
801283 802617
32911 30996
66104 5000
999999 999999